 1.00000000e+01  2.62766589e-05 
 1.25892541e+01  2.39236004e-05 
 1.58489319e+01  2.17944539e-05 
 1.99526231e+01  1.98691805e-05 
 2.51188643e+01  1.81296285e-05 
 3.16227766e+01  1.65593555e-05 
 3.98107171e+01  1.51434651e-05 
 5.01187234e+01  1.38684559e-05 
 6.30957344e+01  1.27220820e-05 
 7.94328235e+01  1.16932223e-05 
 1.00000000e+02  1.07717581e-05 
 1.25892541e+02  9.94845919e-06 
 1.58489319e+02  9.21487604e-06 
 1.99526231e+02  8.56324107e-06 
 2.51188643e+02  7.98637770e-06 
 3.16227766e+02  7.47761990e-06 
 3.98107171e+02  7.03074351e-06 
 5.01187234e+02  6.63991102e-06 
 6.30957344e+02  6.29963096e-06 
 7.94328235e+02  6.00473191e-06 
 1.00000000e+03  5.75034991e-06 
 1.25892541e+03  5.53192669e-06 
 1.58489319e+03  5.34521505e-06 
 1.99526231e+03  5.18628731e-06 
 2.51188643e+03  5.05154271e-06 
 3.16227766e+03  4.93771068e-06 
 3.98107171e+03  4.84184755e-06 
 5.01187234e+03  4.76132570e-06 
 6.30957344e+03  4.69381460e-06 
 7.94328235e+03  4.63725380e-06 
 1.00000000e+04  4.58981760e-06 
 1.25892541e+04  4.54987012e-06 
 1.58489319e+04  4.51590830e-06 
 1.99526231e+04  4.48648724e-06 
 2.51188643e+04  4.46011949e-06 
 3.16227766e+04  4.43513450e-06 
 3.98107171e+04  4.40947927e-06 
 5.01187234e+04  4.38043648e-06 
 6.30957344e+04  4.34423831e-06 
 7.94328235e+04  4.29557641e-06 
 1.00000000e+05  4.22708025e-06 
 1.25892541e+05  4.12899887e-06 
 1.58489319e+05  3.98959791e-06 
 1.99526231e+05  3.79704706e-06 
 2.51188643e+05  3.54335163e-06 
 3.16227766e+05  3.22950343e-06 
 3.98107171e+05  2.86883056e-06 
 5.01187234e+05  2.48509266e-06 
 6.30957344e+05  2.10537968e-06 
 7.94328235e+05  1.75224392e-06 
 1.00000000e+06  1.43948876e-06 
 1.25892541e+06  1.17231878e-06 
 1.58489319e+06  9.49827160e-07 
 1.99526231e+06  7.67745087e-07 
 2.51188643e+06  6.20480878e-07 
 3.16227766e+06  5.02330303e-07 
 3.98107171e+06  4.08071875e-07 
 5.01187234e+06  3.33190287e-07 
 6.30957344e+06  2.73904287e-07 
 7.94328235e+06  2.27105185e-07 
 1.00000000e+07  1.90263435e-07 
 1.25892541e+07  1.61331787e-07 
 1.58489319e+07  1.38657824e-07 
 1.99526231e+07  1.20910430e-07 
 2.51188643e+07  1.07020428e-07 
 3.16227766e+07  9.61332526e-08 
 3.98107171e+07  8.75706309e-08 
 5.01187234e+07  8.07983676e-08 
 6.30957344e+07  7.53981652e-08 
 7.94328235e+07  7.10424133e-08 
 1.00000000e+08  6.74715476e-08 
 1.25892541e+08  6.44738603e-08 
 1.58489319e+08  6.18677633e-08 
 1.99526231e+08  5.94869360e-08 
 2.51188643e+08  5.71700390e-08 
 3.16227766e+08  5.47590125e-08 
 3.98107171e+08  5.21123535e-08 
 5.01187234e+08  4.91379558e-08 
 6.30957344e+08  4.58374832e-08 
 7.94328235e+08  4.23323918e-08 
 1.00000000e+09  3.88348756e-08 
