 1.00000000e+01  2.47853873e-05 
 1.25892541e+01  2.25662670e-05 
 1.58489319e+01  2.05584432e-05 
 1.99526231e+01  1.87430054e-05 
 2.51188643e+01  1.71028249e-05 
 3.16227766e+01  1.56223866e-05 
 3.98107171e+01  1.42876344e-05 
 5.01187234e+01  1.30858289e-05 
 6.30957344e+01  1.20054148e-05 
 7.94328235e+01  1.10358975e-05 
 1.00000000e+02  1.01677275e-05 
 1.25892541e+02  9.39219191e-06 
 1.58489319e+02  8.70131353e-06 
 1.99526231e+02  8.08775669e-06 
 2.51188643e+02  7.54474178e-06 
 3.16227766e+02  7.06596947e-06 
 3.98107171e+02  6.64555627e-06 
 5.01187234e+02  6.27798295e-06 
 6.30957344e+02  5.95805689e-06 
 7.94328235e+02  5.68088828e-06 
 1.00000000e+03  5.44187893e-06 
 1.25892541e+03  5.23672113e-06 
 1.58489319e+03  5.06140306e-06 
 1.99526231e+03  4.91221681e-06 
 2.51188643e+03  4.78576529e-06 
 3.16227766e+03  4.67896489e-06 
 3.98107171e+03  4.58904191e-06 
 5.01187234e+03  4.51352175e-06 
 6.30957344e+03  4.45021037e-06 
 7.94328235e+03  4.39716817e-06 
 1.00000000e+04  4.35267583e-06 
 1.25892541e+04  4.31519114e-06 
 1.58489319e+04  4.28329387e-06 
 1.99526231e+04  4.25561373e-06 
 2.51188643e+04  4.23073282e-06 
 3.16227766e+04  4.20704930e-06 
 3.98107171e+04  4.18258406e-06 
 5.01187234e+04  4.15470752e-06 
 6.30957344e+04  4.11976666e-06 
 7.94328235e+04  4.07261512e-06 
 1.00000000e+05  4.00612170e-06 
 1.25892541e+05  3.91089371e-06 
 1.58489319e+05  3.77571956e-06 
 1.99526231e+05  3.58947327e-06 
 2.51188643e+05  3.34496159e-06 
 3.16227766e+05  3.04380860e-06 
 3.98107171e+05  2.69940247e-06 
 5.01187234e+05  2.33472558e-06 
 6.30957344e+05  1.97541894e-06 
 7.94328235e+05  1.64243762e-06 
 1.00000000e+06  1.34833413e-06 
 1.25892541e+06  1.09760856e-06 
 1.58489319e+06  8.89133677e-07 
 1.99526231e+06  7.18738144e-07 
 2.51188643e+06  5.81090231e-07 
 3.16227766e+06  4.70802443e-07 
 3.98107171e+06  3.82967465e-07 
 5.01187234e+06  3.13353445e-07 
 6.30957344e+06  2.58421252e-07 
 7.94328235e+06  2.15261025e-07 
 1.00000000e+07  1.81500572e-07 
 1.25892541e+07  1.55212060e-07 
 1.58489319e+07  1.34829268e-07 
 1.99526231e+07  1.19080026e-07 
 2.51188643e+07  1.06933719e-07 
 3.16227766e+07  9.75608016e-08 
 3.98107171e+07  9.02999193e-08 
 5.01187234e+07  8.46288085e-08 
 6.30957344e+07  8.01367418e-08 
 7.94328235e+07  7.64979865e-08 
 1.00000000e+08  7.34467384e-08 
 1.25892541e+08  7.07545287e-08 
 1.58489319e+08  6.82119465e-08 
 1.99526231e+08  6.56184744e-08 
 2.51188643e+08  6.27871380e-08 
 3.16227766e+08  5.95713865e-08 
 3.98107171e+08  5.59127908e-08 
 5.01187234e+08  5.18850272e-08 
 6.30957344e+08  4.76890663e-08 
 7.94328235e+08  4.35746089e-08 
 1.00000000e+09  3.97256397e-08 
