 1.00000000e+01  2.62855494e-05 
 1.25892541e+01  2.39302096e-05 
 1.58489319e+01  2.17988864e-05 
 1.99526231e+01  1.98715195e-05 
 2.51188643e+01  1.81299377e-05 
 3.16227766e+01  1.65576813e-05 
 3.98107171e+01  1.51398390e-05 
 5.01187234e+01  1.38628966e-05 
 6.30957344e+01  1.27145983e-05 
 7.94328235e+01  1.16838153e-05 
 1.00000000e+02  1.07604247e-05 
 1.25892541e+02  9.93519523e-06 
 1.58489319e+02  9.19967982e-06 
 1.99526231e+02  8.54611691e-06 
 2.51188643e+02  7.96733935e-06 
 3.16227766e+02  7.45669363e-06 
 3.98107171e+02  7.00797045e-06 
 5.01187234e+02  6.61534866e-06 
 6.30957344e+02  6.27335345e-06 
 7.94328235e+02  5.97682917e-06 
 1.00000000e+03  5.72092558e-06 
 1.25892541e+03  5.50109517e-06 
 1.58489319e+03  5.31309792e-06 
 1.99526231e+03  5.15300955e-06 
 2.51188643e+03  5.01722912e-06 
 3.16227766e+03  4.90248279e-06 
 3.98107171e+03  4.80582126e-06 
 5.01187234e+03  4.72460976e-06 
 6.30957344e+03  4.65651010e-06 
 7.94328235e+03  4.59945459e-06 
 1.00000000e+04  4.55161178e-06 
 1.25892541e+04  4.51134292e-06 
 1.58489319e+04  4.47714649e-06 
 1.99526231e+04  4.44758600e-06 
 2.51188643e+04  4.42119267e-06 
 3.16227766e+04  4.39632993e-06 
 3.98107171e+04  4.37100151e-06 
 5.01187234e+04  4.34257961e-06 
 6.30957344e+04  4.30743109e-06 
 7.94328235e+04  4.26043911e-06 
 1.00000000e+05  4.19448298e-06 
 1.25892541e+05  4.10009198e-06 
 1.58489319e+05  3.96575503e-06 
 1.99526231e+05  3.77964200e-06 
 2.51188643e+05  3.53333828e-06 
 3.16227766e+05  3.22693380e-06 
 3.98107171e+05  2.87263144e-06 
 5.01187234e+05  2.49334678e-06 
 6.30957344e+05  2.11596569e-06 
 7.94328235e+05  1.76341312e-06 
 1.00000000e+06  1.45010828e-06 
 1.25892541e+06  1.18182123e-06 
 1.58489319e+06  9.58038358e-07 
 1.99526231e+06  7.74715884e-07 
 2.51188643e+06  6.26368745e-07 
 3.16227766e+06  5.07329761e-07 
 3.98107171e+06  4.12378820e-07 
 5.01187234e+06  3.36986130e-07 
 6.30957344e+06  2.77350250e-07 
 7.94328235e+06  2.30341080e-07 
 1.00000000e+07  1.93407886e-07 
 1.25892541e+07  1.64482542e-07 
 1.58489319e+07  1.41891858e-07 
 1.99526231e+07  1.24284131e-07 
 2.51188643e+07  1.10570330e-07 
 3.16227766e+07  9.98776029e-08 
 3.98107171e+07  9.15116528e-08 
 5.01187234e+07  8.49246779e-08 
 6.30957344e+07  7.96866592e-08 
 7.94328235e+07  7.54589827e-08 
 1.00000000e+08  7.19702145e-08 
 1.25892541e+08  6.89942245e-08 
 1.58489319e+08  6.63312337e-08 
 1.99526231e+08  6.37933791e-08 
 2.51188643e+08  6.11985902e-08 
 3.16227766e+08  5.83793373e-08 
 3.98107171e+08  5.52125476e-08 
 5.01187234e+08  5.16664636e-08 
 6.30957344e+08  4.78372175e-08 
 7.94328235e+08  4.39328843e-08 
 1.00000000e+09  4.01900910e-08 
